15 12 07 16 18 19 17 02
08 15 14 18 14 18 12 05
16 15 04 19 14 02 07 05
04 08 19 05 11 08 04 14
06 02 04 07 14 03 13 19
08 02 20 11 01 17 04 06
17 16 06 15 19 02 06 17
10 13 01 07 05 03 14 19
02 14 16 18 05 17 10 09
06 11 12 17 06 19 20 08
04 18 10 12 08 13 12 16
05 18 09 11 16 18 11 01
01 04 07 18 07 17 10 12
06 09 03 17 09 07 18 15
06 15 07 04 12 01 15 19
14 11 16 03 19 17 01 09
16 17 11 14 04 20 05 03
17 10 09 06 19 10 11 04
05 14 07 01 18 04 11 19
13 02 18 05 02 16 03 05
15 13 09 12 07 03 12 18
02 18 11 19 07 05 04 02
08 02 15 18 12 01 20 07
08 01 12 07 05 18 14 04
07 11 20 15 01 11 12 08
16 08 07 20 13 14 16 05
10 20 04 01 03 08 13 04
13 14 03 10 20 06 05 08
08 09 02 16 16 02 19 17
11 10 04 02 06 20 14 18
10 13 12 18 17 20 01 11
01 19 06 16 17 12 02 03
12 05 11 06 11 15 03 10
07 01 06 13 13 05 01 09
15 18 01 05 06 12 01 08
11 13 18 17 05 07 09 10
03 16 19 11 01 04 10 06
15 10 16 19 09 15 02 07
11 16 01 18 14 04 08 18
20 11 07 13 02 08 15 01
02 19 16 04 08 12 04 16
09 15 20 10 10 07 03 19
06 02 12 07 14 03 15 04
05 13 03 17 19 16 20 14
16 05 03 19 10 19 12 13
12 11 04 14 05 15 09 12
06 08 10 03 09 10 04 02
10 18 08 15 01 19 14 16
09 10 17 03 20 10 06 08
05 17 18 03 12 14 07 04