15 12 07 16 18 19 17 02
08 15 14 18 14 18 12 05
16 15 04 19 14 02 07 05
04 08 19 05 11 08 04 14
06 02 04 07 14 03 13 19
08 02 20 11 01 17 04 06
17 16 06 15 19 02 06 17
10 13 01 07 05 03 14 19
02 14 16 18 05 17 10 09
06 11 12 17 06 19 20 08
04 18 10 12 08 13 12 16
05 18 09 11 16 18 11 01
01 04 07 18 07 17 10 12
06 09 03 17 09 07 18 15
06 15 07 04 12 01 15 19
14 11 16 03 19 17 01 09
16 17 11 14 04 20 05 03
17 10 09 06 19 10 11 04
05 14 07 01 18 04 11 19
13 02 18 05 02 16 03 05
15 13 09 12 07 03 12 18
02 18 11 19 07 05 04 02
08 02 15 18 12 01 20 07
08 01 12 07 05 18 14 04
07 11 20 15 01 11 12 08
16 08 07 20 13 14 16 05
10 20 04 01 03 08 13 04
13 14 03 10 20 06 05 08
08 09 02 16 16 02 19 17
11 10 04 02 06 20 14 18
10 13 12 18 17 20 01 11
01 19 06 16 17 12 02 03
12 05 11 06 11 15 03 10
07 01 06 13 13 05 01 09
15 18 01 05 06 12 01 08
11 13 18 17 05 07 09 10
03 16 19 11 01 04 10 06
15 10 16 19 09 15 02 07
11 16 01 18 14 04 08 18
20 11 07 13 02 08 15 01
02 19 16 04 08 12 04 16
09 15 20 10 10 07 03 19
06 02 12 07 14 03 15 04
05 13 03 17 19 16 20 14
16 05 03 19 10 19 12 13
12 11 04 14 05 15 09 12
06 08 10 03 09 10 04 02
10 18 08 15 01 19 14 16
09 10 17 03 20 10 06 08
05 17 18 03 12 14 07 04
16 03 19 20 17 14 08 16
11 03 18 20 12 16 08 10
01 18 15 07 17 18 19 05
08 05 20 12 05 19 15 17
12 01 14 16 04 16 11 19
05 15 12 04 02 05 09 10
15 10 09 13 09 20 04 17
13 09 05 10 06 16 13 17
12 18 02 09 08 19 03 20
16 09 05 12 06 13 01 11
04 05 12 07 07 01 04 06
17 12 16 05 10 19 18 02
09 05 06 10 16 12 07 14
14 17 02 05 07 12 04 08
12 19 02 11 20 13 07 10
13 07 17 04 19 05 16 15
08 01 12 14 16 07 04 10
07 12 19 14 18 19 01 14
19 06 03 04 02 15 08 16
03 15 05 04 03 08 18 10
15 02 08 01 16 02 20 10
04 06 17 09 05 16 03 06
03 18 19 06 13 07 05 11
19 04 17 06 12 08 19 20
06 15 20 04 13 20 11 19
04 01 09 12 13 16 11 09
08 14 07 09 02 08 16 03
03 20 01 06 03 01 12 02
07 05 11 01 02 12 19 05
16 15 10 17 20 19 12 15
13 18 04 08 11 06 01 09
15 01 09 07 02 14 11 20
10 03 04 16 15 05 01 18
06 15 16 17 13 04 10 18
12 13 05 15 07 17 12 04
03 06 18 14 08 14 12 11
11 09 07 18 05 03 07 15
09 10 19 01 04 09 16 19
11 01 04 05 03 01 15 05
12 03 20 14 18 01 05 02
08 11 14 10 01 11 09 19
18 09 05 16 10 12 13 11
16 09 05 03 16 05 18 20
14 20 17 06 19 17 20 05
20 15 02 13 08 13 01 15
03 04 19 02 09 14 15 07
01 20 14 13 14 10 03 11
06 07 09 18 14 02 10 01
07 01 16 12 12 20 18 08
15 07 11 13 14 12 16 09
05 04 20 15 06 09 05 08
06 09 11 12 20 15 14 19
17 19 13 15 02 01 11 15
10 08 04 01 16 08 18 09
12 18 11 19 19 15 13 08
18 15 04 02 16 11 03 08
12 20 17 10 07 13 03 20
18 20 03 17 07 12 10 16
16 07 13 05 04 11 03 18
08 19 04 09 20 13 14 05
13 08 11 15 18 09 01 02
01 12 13 09 12 15 07 11
19 08 14 16 09 19 12 03
16 02 01 19 03 18 06 09
14 15 02 01 06 18 04 14
16 09 08 10 14 19 07 01
07 08 18 01 13 02 19 03
15 09 01 03 04 20 02 07
08 19 18 16 11 09 18 07
02 04 11 20 08 12 16 03
19 13 12 02 05 20 06 12
14 09 04 20 06 18 13 04
14 01 10 04 06 08 01 04
05 13 04 18 06 11 14 13
11 02 17 10 15 08 18 04
15 11 05 19 07 14 18 17
14 11 09 02 09 04 01 18
01 20 12 05 10 07 17 15
11 13 12 10 11 09 02 03
01 02 08 16 01 19 10 04
04 07 03 12 09 13 01 18
04 08 12 20 12 01 11 06
14 01 06 18 16 17 09 13
16 14 10 04 18 04 13 20
09 07 14 11 08 19 04 03
04 13 14 01 10 15 01 05
20 01 09 02 01 08 04 15
09 19 12 14 05 12 14 06
17 06 01 05 13 16 10 19
03 08 16 20 15 13 17 14
19 17 11 16 08 11 02 17
20 12 04 01 11 15 02 03
12 17 05 18 02 08 03 18
17 13 08 03 18 05 13 08
05 19 17 11 16 10 04 06
20 08 13 06 06 13 15 14
03 17 16 13 11 09 19 03
05 18 19 07 20 18 01 11
16 18 07 11 04 03 06 19
09 11 16 15 16 12 18 10
19 14 04 12 09 16 13 07
16 09 06 01 10 09 17 20
05 19 02 08 20 17 16 19
18 15 05 19 15 10 19 08
01 20 03 17 03 13 01 15
13 16 12 15 15 08 09 14
15 20 14 09 14 12 08 20
19 02 20 04 18 03 11 19
11 20 10 05 10 07 13 05
08 01 10 09 20 10 17 06
08 03 13 14 04 14 08 09
06 01 17 13 14 05 04 17
03 07 08 02 14 01 08 15
09 20 01 10 05 10 04 09
07 02 19 05 13 20 11 03
11 12 01 13 19 03 12 20
11 02 14 01 12 08 19 04
11 17 13 01 10 09 08 14
02 01 05 10 15 20 03 14
02 15 05 11 18 13 19 14
17 13 12 03 05 07 01 10
05 04 12 19 03 01 12 14
03 04 11 14 04 03 10 02
17 18 01 20 10 16 19 20
20 13 12 19 10 01 13 16
16 04 20 06 19 14 09 01
04 05 10 09 11 08 17 18
10 08 17 12 06 09 02 16
12 10 08 11 01 02 17 15
15 09 07 16 15 11 10 14
19 06 10 09 06 13 15 10
08 07 03 13 19 07 20 06
11 06 03 20 17 12 19 18
11 19 04 13 04 14 20 01
14 01 06 08 10 11 03 20
07 13 09 12 19 15 02 13
06 10 01 17 11 05 06 18
11 17 05 13 05 12 08 17
13 15 07 14 04 19 14 03
03 19 02 10 18 16 03 06
03 09 05 14 09 19 10 03
11 10 03 12 11 20 04 06
01 08 04 02 12 05 01 11
14 19 05 20 20 15 17 14
05 04 07 14 05 10 09 14
16 19 08 17 06 07 12 15
04 03 05 20 18 01 20 08
14 10 06 01 11 18 06 16
16 04 08 14 04 01 05 19
07 08 02 06 05 17 19 04
02 18 03 05 04 18 20 16
16 04 09 13 07 18 13 15
11 08 12 05 16 08 13 20
20 16 02 08 15 03 01 10
08 07 17 02 19 18 03 04
02 18 17 19 01 06 03 05
16 13 09 04 20 06 10 07
12 14 13 07 18 02 10 09
06 10 04 19 14 20 15 02
06 12 01 15 19 01 03 17
20 03 15 08 15 12 14 03
14 04 10 17 18 03 15 12
12 19 16 11 18 12 03 06
18 09 12 01 08 04 09 18
17 12 03 04 19 02 01 16
02 17 13 06 17 14 20 15
18 06 07 15 05 17 01 11
18 09 07 11 15 04 13 18
10 18 16 14 17 02 09 07
09 11 12 17 04 15 07 18
16 05 09 06 04 14 19 05
05 04 15 08 20 03 18 04
12 01 04 07 14 02 19 04
16 08 17 06 08 10 15 03
14 16 17 12 02 03 17 19
18 02 01 11 12 07 11 05
20 01 15 12 04 14 20 11
10 13 18 08 13 10 01 09
02 09 01 03 03 18 20 17
20 05 16 08 13 14 08 16
05 17 01 15 20 12 14 05
05 06 01 09 15 06 17 19
20 15 09 06 12 17 05 08
20 09 08 19 17 20 13 14
14 07 02 10 20 03 06 10
01 12 02 06 02 13 16 10
03 13 06 11 04 19 16 11
08 18 17 16 10 04 09 02
16 01 10 06 20 08 03 04
07 12 16 02 12 03 18 15
16 09 10 03 12 19 08 07
14 03 07 20 06 07 02 14
02 09 18 01 04 01 02 18
13 06 14 15 17 03 15 16
15 06 20 10 01 05 02 15
06 08 16 03 11 17 20 08
07 18 03 09 19 10 07 05
08 01 17 10 16 10 14 04
15 07 18 04 09 01 03 15